0.0
0.0634239196565645
0.12659245357374926
0.18925124436041021
0.2511479871810792
0.3120334456984871
0.3716624556603276
0.42979491208917164
0.4861967361004687
0.5406408174555976
0.5929079290546404
0.6427876096865393
0.690079011482112
0.7345917086575333
0.7761464642917568
0.8145759520503357
0.8497254299495144
0.8814533634475821
0.9096319953545183
0.9341478602651067
0.9549022414440739
0.9718115683235417
0.984807753012208
0.9938384644612541
0.998867339183008
0.9998741276738751
0.9968547759519424
0.9898214418809327
0.9788024462147787
0.963842158559942
0.9450008187146685
0.9223542941045814
0.8959937742913359
0.8660254037844385
0.8325698546347714
0.795761840530832
0.7557495743542583
0.7126941713788627
0.6667690005162917
0.6181589862206051
0.5670598638627709
0.5136773915734063
0.4582265217274105
0.4009305354066136
0.3420201433256689
0.0
0.0634239196565645
0.12659245357374926
0.18925124436041021
0.2511479871810792
0.3120334456984871
0.3716624556603276
0.42979491208917164
0.4861967361004687
0.5406408174555976
0.5929079290546404
0.6427876096865393
0.690079011482112
0.7345917086575333
0.7761464642917568
0.8145759520503357
0.8497254299495144
0.8814533634475821
0.9096319953545183
0.9341478602651067
0.9549022414440739
